MEME version 5.4.1 (Tue Mar 1 19:18:48 2022 -0800)

ALPHABET= ACGT

strands: + -

Background letter frequencies (from uniform background):
A 0.25000 C 0.25000 G 0.25000 T 0.25000

MOTIF CCA1 CCA1

log-odds matrix: alength= 4 w= 8 E= 0
   190	  -783	  -464	  -220
   194	  -829	  -274	  -683
   198	  -583	  -472	  -783
  -284	 -1029	  -567	   194
   199	  -576	  -783	  -690
  -783	  -433	  -797	   198
  -573	   199	  -929	  -604
  -356	  -146	  -413	   181

letter-probability matrix: alength= 4 w= 8 nsites= 20 E= 0
  0.934493	  0.001100	  0.010001	  0.054405
  0.959700	  0.000800	  0.037300	  0.002200
  0.985000	  0.004400	  0.009500	  0.001100
  0.035000	  0.000200	  0.004900	  0.959900
  0.992200	  0.004600	  0.001100	  0.002100
  0.001100	  0.012399	  0.001000	  0.985501
  0.004700	  0.991100	  0.000400	  0.003800
  0.021198	  0.090791	  0.014299	  0.873713

URL http://floresta.eead.csic.es/footprintdb/index.php?db=ArabidopsisPBM:20140210&motif=CCA1

MOTIF MYB52 MYB52

log-odds matrix: alength= 4 w= 8 E= 0
    98	    27	   -77	  -208
    -7	   106	  -129	   -83
  -127	  -123	  -283	   159
   189	  -422	  -297	  -306
   179	  -137	  -417	  -343
  -389	   189	  -300	  -315
  -149	  -224	   166	  -186
   -95	  -347	   166	  -205

letter-probability matrix: alength= 4 w= 8 nsites= 20 E= 0
  0.493200	  0.300600	  0.147100	  0.059100
  0.237500	  0.519800	  0.102500	  0.140200
  0.103890	  0.106689	  0.035196	  0.754225
  0.924900	  0.013400	  0.031800	  0.029900
  0.865913	  0.096990	  0.013899	  0.023198
  0.016900	  0.923700	  0.031200	  0.028200
  0.089100	  0.053000	  0.788800	  0.069100
  0.129400	  0.022500	  0.787800	  0.060300

URL http://floresta.eead.csic.es/footprintdb/index.php?db=ArabidopsisPBM:20140210&motif=MYB52

MOTIF MYB52_2 MYB52_2

log-odds matrix: alength= 4 w= 8 E= 0
  -315	  -351	   190	  -370
  -357	  -481	  -239	   188
  -418	  -328	  -423	   192
   155	   -72	  -304	  -156
  -350	  -300	   187	  -307
  -429	  -259	  -293	   187
  -376	  -323	  -194	   183
    -8	  -230	   132	  -145

letter-probability matrix: alength= 4 w= 8 nsites= 20 E= 0
  0.028100	  0.021900	  0.930700	  0.019300
  0.021100	  0.008900	  0.047800	  0.922200
  0.013800	  0.025700	  0.013300	  0.947200
  0.732900	  0.151800	  0.030500	  0.084800
  0.022100	  0.031300	  0.916800	  0.029800
  0.012800	  0.041400	  0.032700	  0.913100
  0.018500	  0.026600	  0.065000	  0.889900
  0.235800	  0.050600	  0.622300	  0.091300

URL http://floresta.eead.csic.es/footprintdb/index.php?db=ArabidopsisPBM:20140210&motif=MYB52_2

MOTIF MYB59 MYB59

log-odds matrix: alength= 4 w= 8 E= 0
    52	  -413	   113	  -164
  -387	  -514	  -113	   179
  -302	  -413	  -543	   192
   181	  -268	  -391	  -182
  -391	  -498	   194	  -371
  -338	  -453	   192	  -382
  -270	  -263	  -576	   187
   114	    10	  -345	   -66

letter-probability matrix: alength= 4 w= 8 nsites= 20 E= 0
  0.357300	  0.014300	  0.548400	  0.080000
  0.017100	  0.007100	  0.114100	  0.861700
  0.030800	  0.014300	  0.005800	  0.949100
  0.873700	  0.039000	  0.016600	  0.070700
  0.016600	  0.007900	  0.956400	  0.019100
  0.024000	  0.010800	  0.947500	  0.017700
  0.038600	  0.040400	  0.004600	  0.916400
  0.552145	  0.267273	  0.022798	  0.157784

URL http://floresta.eead.csic.es/footprintdb/index.php?db=ArabidopsisPBM:20140210&motif=MYB59
