CCA1 1.6028964599664492 1.7384180132970788 1.8694475117248341 1.7339908866180513 1.9235844498226646 1.8799271437473393 1.9158053743167445 1.3100897979250714
MYB59 0.6150491128123041 1.3065834039008157 1.64310315307491 1.278900893849801 1.6761002773671925 1.6235723389836505 1.4805950525545375 0.4733979676785429
MYB46_2 0.4070560784978041 1.4717239352435483 1.1287445304302808 1.7167237034342078 0.6770162297875746 1.220066904514706 0.6763335299820015 0.8049956196930743
MYB52 0.32787130979936774 0.28251358473605004 0.8392964518414967 1.5028535846879745 1.2819713767148082 1.4934952128497971 0.9282003295007588 0.9796965012738827
MYB46 1.52103445731508 0.9921204357703972 1.8680585459654546 1.2081577571430182 1.9130267677298698 1.4793735104189407 1.7558782954596441 0.7074473515366821
MYB111 1.107107746487236 1.0009207575500434 1.8395618501555209 1.3675445085421116 1.812733174490665 1.3280204498949857 1.8664523972424185 0.6002027206324501
MYB55 1.8395031884727187 1.6656289342721207 1.8999231296322938 0.8169728107048817 1.8318025809279215 1.128303376868816 1.7284394432181025 0.8312786228387727
MYB55_2 1.3916869442013855 0.9622870056300497 1.4919122958362658 0.6956553479350287 1.834406701640667 0.8737767918461432 1.7244959045712065 1.1026108747757748
MYB52_2 1.5281095852930033 1.5044690093592326 1.621959293184279 0.8031340385789179 1.4560894490361949 1.448198218271703 1.34824646636773 0.5495561778674829
MYB111_2 1.5752962855562656 1.3240462332778413 1.884556724205725 0.8191555198012299 1.848696855605092 1.0625057250635144 1.7721272979373164 0.9814790327857601
