ZAT18 0.7434114282488526 1.3086682150438023 0.7953495961619437 1.0010113885212397 1.0010113885212397 0.7953495961619439 1.3086682150438025 0.7434114282488529
ATHB51 0.8776787487685327 1.863760499193525 1.8946710653686667 0.9432731000530672 1.9054761967003089 1.8637158714527466 1.7313626787521539 0.9411592822458947
DEAR3 1.0025544039406704 0.8652883254970658 1.3315114403031558 1.5592508686570725 1.2274334207439292 0.4202858931667448 1.0745393660959826 0.19845107331475909
DEAR4_2 0.8568673766812778 1.589763342274626 1.3785119397957288 1.5153982108565065 1.8325033459928288 1.662120728579075 1.1625603094510772 1.2381623996574436
WRKY38 0.5885188428128583 1.1626037061270984 1.4893517048501572 1.5392758323527502 1.7036105627142382 1.6634202493088606 1.6395303987264824 0.9132967796758149
AT4G35610 0.3977094097796823 0.6127558778131783 1.081803062385701 1.2754327346642984 1.2754327346642982 1.081803062385701 0.6127558778131785 0.3977094097796823
AHL20 1.6470325230861882 1.4070300832103928 1.484351461651905 1.3930950214164266 1.3930950214164266 1.484351461651905 1.4070300832103928 1.6470325230861882
ANAC46 0.33118704836048396 0.6352209199761538 1.0646934585709364 1.2499870609303017 1.021464517785412 0.3338224316758571 0.43070875581547696 0.9986586134966173
RAP2.6 0.8596559389796248 1.6936533454981424 1.8975977694217507 1.4937176915557413 1.873696779979454 1.9035724616811172 1.616349954648334 1.543694494921647
HSFB2A_2 1.0689465373572276 1.3372950123030876 1.503099561089405 0.6250729252739964 0.6250729252739962 1.503099561089405 1.3372950123030876 1.0689465373572276
AT1G77200 0.841652895412291 1.161454318014309 1.9277159358231626 1.9319394691731824 1.928761404899958 1.8976408842564294 1.9229155962106084 1.4330147769592274
WRKY12 0.7249766198696117 1.0460973669397462 1.4782534225387236 1.6155397399505056 1.6748555174953055 1.763720849898589 1.6436362716077724 0.781679887811191
BZIP60_2 0.5523999656168195 1.1065798228941754 1.4211321143050704 1.3782722212351821 1.3193208322335919 1.4606006366272046 1.2871220715501992 1.3856923534135777
CCA1 1.6028964599664492 1.7384180132970788 1.8694475117248341 1.7339908866180513 1.9235844498226646 1.8799271437473393 1.9158053743167445 1.3100897979250714
ARR14_3ARY 0.9399266399101813 1.4700174076517638 1.6066424906376193 1.844620806345683 1.844620806345683 1.6066424906376193 1.4700174076517638 0.9399266399101813
RVE1_2 0.4784159932327059 0.5324251799854565 0.5094112649861482 1.421669384040155 1.4331780732998838 1.3489139293733228 0.2953248241287354 0.42764157042418094
ANAC55 1.0127330716444536 1.0439524230010455 1.7635929662107928 1.6983806506903054 1.626010356495986 0.8417659417099426 1.33308504812352 1.3562887882391226
STY1_2 1.328810470920558 1.4440588632073552 1.4719142971467716 1.6280488873440229 1.6280488873440229 1.4719142971467716 1.444058863207355 1.3288104709205577
DEAR4 1.6705258430288852 1.2451720551750396 1.9304857950722532 1.8521557957996493 1.9267632854035524 1.8680805309465416 1.8869008623277566 1.2481249910665393
HSFC1 1.5618540232814457 1.7145271294648028 1.8681681862564194 1.4247547999082917 1.4247547999082917 1.8681681862564194 1.7145271294648028 1.5618540232814457
RRTF1_2 1.2951526844955639 1.8800545049715338 1.7944759837364335 1.8356193844828916 1.8625334735792645 1.420171251726194 0.9070612910234372 1.39799040771144
AHL20_3ARY 1.3274349967833348 0.8916738706483665 0.9038106380340674 0.9627197974314239 0.9627197974314239 0.9038106380340674 0.8916738706483665 1.3274349967833348
AHL20_2 0.8739023802101005 1.1168642525443966 1.3304720107745704 1.089528590640828 1.170668471800947 1.3148744904507 0.9676093447276957 1.3863315652954835
AHL25 1.255305588525335 0.9659892369944814 1.2053273771362396 1.1824849006598315 1.1824849006598313 1.2053273771362396 0.9659892369944814 1.255305588525335
ARR14_2 0.3610894060720733 0.6900181795867038 0.6615702027435766 1.5333930645151472 1.5333930645151472 0.6615702027435768 0.690018179586704 0.3610894060720735
RAP2.3 0.322400013880191 0.8914445544447069 1.8431736275131194 1.1144629165609299 1.8156517530371994 1.8092394420068996 0.9337591996500838 0.7861331496037687
RRTF1 0.8251007231238092 1.5921072032317585 1.8962909690730878 1.2975333736314525 1.8474447723620435 1.819590611850583 1.2465083497598415 1.1179236497306508
HSFB2A 1.6081156829233958 1.5582591351078412 1.6530317557127021 0.08018380111673196 0.08018380111673151 1.653031755712702 1.558259135107841 1.608115682923396
WOX13_2 0.34057526050734754 0.4653876806445989 1.023032517245421 1.0229838992890197 1.0229838992890197 1.023032517245421 0.4653876806445989 0.34057526050734754
ICU4 0.6192648985601412 0.8209818499181099 1.5061130302277803 1.5329616995454485 0.19337028348847474 1.5329616995454485 1.5061130302277803 0.8209818499181099
ATERF1_2 0.39054634386417586 1.6227336718243448 1.3881158311413624 1.6303062511738804 1.6303062511738802 1.3881158311413624 1.6227336718243448 0.39054634386417586
DREB2C_2 0.8967829126279581 1.2510067151638444 1.8642007837584746 1.8699245144161853 1.859608450757204 0.9788999305226422 1.8110738250865026 1.0313661157474192
AHL12_3ARY 1.134170000710467 0.8825105925118435 0.8737214215762168 0.9835201726489193 0.9835201726489193 0.8737214215762168 0.8825105925118435 1.1341700007104667
PIF4 1.1050013413668789 1.771395724720381 1.4973289923666098 1.5632566839637896 1.5632566839637896 1.4973289923666095 1.771395724720381 1.1050013413668789
ARR11_2 0.2762593763172807 0.5994601265565289 0.5847667069707949 1.2304366590873432 1.2304366590873432 0.5847667069707949 0.5994601265565291 0.2762593763172807
MYB59 0.6150491128123041 1.3065834039008157 1.64310315307491 1.278900893849801 1.6761002773671925 1.6235723389836505 1.4805950525545375 0.4733979676785429
DOF5.7 0.1974204206523864 0.8052058022708113 1.7662878524387398 1.4366266338778122 0.7842180590580252 0.6561174766638023 0.19453532795873119 0.0893976035285644
AHL25_2 1.2008371085512568 0.9749974830369288 0.9463703066282105 1.0591681745472907 1.0591681745472907 0.9463703066282105 0.9749974830369286 1.2008371085512568
PIF5 0.8426514331298078 1.545044135168699 1.344965587391707 1.359558352136388 1.359558352136388 1.344965587391707 1.545044135168699 0.8426514331298076
TOE1_3ARY 0.9731512546639238 1.2219353601955594 1.5257720607170846 1.1765190581137441 1.574932773053407 1.4628219000421971 1.5785931528656412 1.1569812009061202
RRTF1_3ARY 1.4925942572856135 1.8956572382959878 1.7622636243482723 1.7849816376925742 1.8172157733575367 1.065373618497607 0.9957011522704335 1.0054280613134994
MYB46_2 0.4070560784978041 1.4717239352435483 1.1287445304302808 1.7167237034342078 0.6770162297875746 1.220066904514706 0.6763335299820015 0.8049956196930743
TCP16 1.3577450872175958 1.9127134683861893 1.9233636955753592 0.8117854782937002 1.9225494441343 1.915951632124649 1.8381745955528723 1.8572538604368296
ORA47 0.9659146438290234 1.9280333804129217 1.9099364158214844 1.933237968496092 0.871505308037908 1.9169623425271427 1.636382116673099 0.8875069478841877
RAP2.3_3ARY 0.7787937430539928 1.9018442077189877 1.7990045395864234 1.5525345194407079 1.1173093576050865 0.692500475571389 1.46667878061885 0.8088303967974251
ANAC55_2 0.6849383468114496 0.8365866339656705 1.3250809264035837 1.2933213540570339 1.2933213540570339 1.3250809264035834 0.8365866339656705 0.6849383468114496
DEAR3_2 0.3935490292026005 0.40982747646599726 1.3607477278293276 1.7106203829751914 1.679970699596455 1.5887800122387024 1.0470923100804788 1.6871596097499926
TCP15 1.8196313923790153 1.8989526015946652 0.9201829360636173 1.6546078666220425 1.9075873292886332 1.8769070358626123 1.6543455946164976 1.7123742483270166
SPL1_2 0.6333116769746991 1.8660776642580346 1.913910967113478 1.9175809841847424 1.9271608088142476 1.868731811994175 1.8241246937573379 0.5746786068819965
PIF3 1.6978779594176083 1.8697479003876056 1.8774071827045724 1.7772263728355677 1.7772263728355677 1.8774071827045724 1.8697479003876056 1.6978779594176083
DOF5.7_2 0.20081475606060062 1.5662017069864835 1.623721148007393 1.6672945574246967 1.6669538809913813 1.320878599647515 1.2161503060531311 1.3829426973688759
GLK1_2 1.141018262739379 0.8955989525689199 1.4870719827718712 1.1606922751094446 1.7250590844694962 1.57194003868383 1.0930588317122805 0.3634810975752041
DAG2 0.9384970896301432 0.9382134511217866 1.908612023202979 1.8741469239728221 1.154736132516104 1.8214730372656696 0.8949122287036497 0.41391217368154587
AHL12_2 0.7409117582667153 0.7910120115148462 1.15836502600281 1.1029029490794235 1.1029029490794235 1.15836502600281 0.7910120115148462 0.7409117582667153
MYC4 0.2068678517914 1.7091630320589313 1.9160310896890662 1.6487583199540117 1.8416814293946397 1.909362621242201 1.8554114321787796 0.7889854669461571
GLK1 0.5977544040157596 1.4744820741734213 1.651309187996229 0.7551828075988389 0.7551828075988389 1.651309187996229 1.4744820741734213 0.5977544040157596
ZAT2 0.17604071695850987 0.6369557523923302 1.4446551994793444 1.6339170087085724 1.6339170087085724 1.4446551994793444 0.6369557523923302 0.17604071695850987
KAN1 0.13846085437078948 0.007891080130316475 0.7523948842774211 0.5012135326707385 1.3992551486812992 1.144024208208675 0.582348223597229 1.2814415177706269
ATHB12 0.369945958104704 0.6916064449733124 1.6006110401079816 0.5426249189407129 1.7289971335607452 1.7323523915792383 1.5871459979132307 0.9114250915534208
MYB52 0.32787130979936774 0.28251358473605004 0.8392964518414967 1.5028535846879745 1.2819713767148082 1.4934952128497971 0.9282003295007588 0.9796965012738827
MYB46 1.52103445731508 0.9921204357703972 1.8680585459654546 1.2081577571430182 1.9130267677298698 1.4793735104189407 1.7558782954596441 0.7074473515366821
ARR14 1.6204810331792845 1.869509294105629 1.9112498740546189 1.9297229279771602 0.5485558797322634 1.7408297477341181 1.7050809565976404 0.5062495203364161
SPL1 1.3340264199730143 1.5219280840456348 1.8507630713901517 1.8636869059759404 1.8636869059759404 1.8507630713901517 1.5219280840456348 1.3340264199730143
TGA2 1.6887395141573278 1.364411753024439 1.75133378629493 1.3559213373054129 1.3559213373054129 1.75133378629493 1.364411753024439 1.6887395141573278
MYB111 1.107107746487236 1.0009207575500434 1.8395618501555209 1.3675445085421116 1.812733174490665 1.3280204498949857 1.8664523972424185 0.6002027206324501
ATERF1 0.7143856101194208 0.44706615256319693 1.5435794610134983 0.44549067967214073 1.1458461936075242 0.7510834207227088 0.44736126037429047 0.9825015598749691
WRKY45 1.2699837531186553 1.4212029728962507 1.796329193962793 1.8418016298777007 1.8673064532510264 1.8904475780272145 1.8755579266117914 0.8706500176088534
RVE1 1.468326405159658 1.5684262689831998 1.794475017853515 1.4152926173216969 1.870033843154148 1.8815378787713692 1.8104767798191173 1.1510998705616524
LBD16 0.5244781688007285 1.4422029412359079 1.697579191741272 1.1708325139256328 0.6810691645997307 0.5519223285274817 0.23095183894013682 0.2576872866834057
ARR11 0.6179864577886938 1.515992927117097 1.8470704996800849 1.898362049886853 1.885997047546986 1.0234090118311023 1.3109151410891393 1.7507421327164918
MYB55 1.8395031884727187 1.6656289342721207 1.8999231296322938 0.8169728107048817 1.8318025809279215 1.128303376868816 1.7284394432181025 0.8312786228387727
MYC2 0.5092133145675546 1.5461892733530505 1.7596332632820497 1.3527825487925056 1.3527825487925056 1.7596332632820497 1.5461892733530505 0.5092133145675548
STY1 1.252046511319071 1.4134856359839758 1.6407846030718711 1.785007175660598 1.785007175660598 1.6407846030718711 1.4134856359839758 1.252046511319071
TCP23 1.7506064178170397 1.8319859774404508 1.1124387181669948 1.7655307897446595 1.8603780281725226 1.8273206654046874 1.6770896664438018 1.6898938175786125
TOE1_2 0.9144552605788274 1.1408219213940798 1.4574973067686174 0.6255261721323904 1.5126627702893027 0.820486523640164 0.6080535898508728 1.5211150679939662
TGA2_2 1.7202706166056299 1.8405278579436346 1.8084985242633564 1.8924131839167537 1.7871464161709003 1.8978067182044396 0.6066071164456215 0.6948197225133756
MYC3 0.18567251666687534 1.4945565717879752 1.7755473709454865 1.3410354816752994 1.3410354816752994 1.7755473709454865 1.4945565717879752 0.18567251666687534
KAN4_2 0.8412799612897888 1.02807519314067 1.133190015361235 1.6946980272553955 1.7770101604004078 1.5566739254525277 1.7811918829952278 0.5881705756461861
SPL7 0.9135299710958624 1.437417036574521 1.2241651827909625 1.3208243594347453 1.4885749107429194 0.9848307873612543 0.08249349747035217 0.5289889628895195
AT5G28300 0.7677673726324443 1.5397134278015767 0.7866150508531056 1.8460761620133297 1.852291855828883 0.8777655422630457 1.6394243064150913 0.4954648548927818
RAP2.3_2 0.5980219653063652 1.8920546913983376 1.7105527592483432 1.8091961218166597 1.7759501554284385 1.2478370847678089 0.8569007458095264 0.4946659998844547
CCA1_2 1.4488106440777844 1.664229618704729 1.7608191401579418 1.7492660820929717 1.558191480904134 0.8592618775474663 0.8549967159282661 0.13760031245532334
DREB2C 1.5317693052991221 1.716569965845543 1.6352511594740924 1.788278022255201 1.788278022255201 1.6352511594740924 1.716569965845543 1.5317693052991221
ZAT6 1.210469914435155 1.0996598180298172 1.1827065271625918 1.3597240716194299 1.3580676133636693 1.4087502943901167 1.6192432528535694 1.2236571483461347
MYB55_2 1.3916869442013855 0.9622870056300497 1.4919122958362658 0.6956553479350287 1.834406701640667 0.8737767918461432 1.7244959045712065 1.1026108747757748
KAN4 1.7274972829617798 1.5858968881311741 1.5255334603589394 1.475479208214169 1.475479208214169 1.5255334603589397 1.5858968881311741 1.7274972829617798
RAP2.6_3ARY 0.6280405269823952 0.7505051646491956 0.8076938082484655 0.6275872112522753 1.7975340220645202 1.7149439081164854 1.7502039923909476 1.7267464644557764
DDF1 1.8242059955587253 1.7817473225550264 1.910976684743593 1.9237927444124359 1.9179873166035182 1.9209746173082534 1.3208628768660213 1.240467832272095
WRKY18 0.4037779478533121 1.2238527587287868 1.7924917742125104 1.861710769195677 1.8537976908127827 1.7965325610132854 1.5089533558215855 0.44169848925508437
GATA12 0.09445810759115947 0.47517916361710544 0.9193567004502627 1.7624107660535935 1.7624107660535935 0.9193567004502625 0.47517916361710544 0.09445810759115947
YAB1 0.7150205574809179 1.214278269202084 1.3823525644242094 0.1578496887002121 1.4525477466259658 1.28914292480986 0.7345772491227516 0.8747975954772604
MYB52_2 1.5281095852930033 1.5044690093592326 1.621959293184279 0.8031340385789179 1.4560894490361949 1.448198218271703 1.34824646636773 0.5495561778674829
BZIP60 1.364858475651472 1.128694829578325 1.3455370674795768 1.1401737473775189 1.1401737473775189 1.3455370674795768 1.128694829578325 1.364858475651472
TOE2 1.5444455569450481 1.255066401972606 1.8624051516310163 1.5164345225857858 1.8497043734150478 1.447111348305505 1.8070857463209702 1.178588900613315
ARR11_3ARY 0.6067189777872939 1.1242401505988993 0.8978095960697963 1.652521102871162 1.652521102871162 0.8978095960697963 1.1242401505988993 0.6067189777872939
MYB111_2 1.5752962855562656 1.3240462332778413 1.884556724205725 0.8191555198012299 1.848696855605092 1.0625057250635144 1.7721272979373164 0.9814790327857601
WOX13 0.4880849649189851 0.7674280455424716 1.5524692830902653 1.651115607216147 1.6879936509707543 1.7472838293623827 1.3132676363497848 1.3930482843213072
HSFC1_2 1.6174470428524566 1.5506709047745495 1.454689704865869 0.43780648451214255 0.43780648451214255 1.454689704865869 1.5506709047745495 1.6174470428524566
TOE2_3ARY 0.8289038482217128 0.9756470040307192 1.3207493305634568 0.7792266695846128 1.5989779041360963 1.0851202284924741 1.4853941527867094 0.9211480056760168
REM1 1.4029885018552661 1.7552371855214153 1.7038892326811776 1.8406604006164096 1.83959102473181 0.49009125666650544 1.4344389656809953 0.7053844383811771
RAP2.6_2 0.46712547665869475 1.5971461430731488 1.6117964086014709 1.582224645022875 1.6817551871084189 0.8837287505510205 0.7122369059454567 0.70552084902639
TOE1 1.4108852769023381 1.1989233939082713 1.7919087039973516 1.5397295607245551 1.817497493370381 1.2087668871426214 1.732512867666151 1.0062101780241357
ANAC58 0.14031044531359682 0.6224098092233248 1.436377011614065 0.8687504124000569 1.4126982725551969 0.6336372287800924 0.6235679683694795 0.9015640982808404
REM1_2 1.024853011300659 1.465601388855442 1.6528131947630031 1.6787779521004345 1.370133225022276 1.3637547694180117 0.8599647158298485 0.8398425773015132
AHL25_3ARY 0.3252458653100798 1.0971758832982936 0.9598404989048077 1.0711021161376386 0.9675415598354604 1.2775797977227348 0.9659892369944814 1.0946425801814879
TOE2_2 1.15936642622479 1.3921677068449752 1.627051557070374 0.999914262958586 1.7114313690644756 0.9946057318581876 0.6138820235609996 1.8181327952510637
ETT_2 0.6610036606810472 1.4145390725563065 1.5553022948674076 1.3573356190164998 1.3573356190164996 1.5553022948674076 1.4145390725563067 0.6610036606810472
AHL12 0.9492216696525928 1.1664003677013304 0.867501581990564 1.0065967068146966 1.0065967068146966 0.867501581990564 1.1664003677013304 0.949221669652593
ZAT14 0.8143531034277602 0.8769156697587501 1.4887144938232102 0.6556307093219231 0.6556307093219231 1.4887144938232102 0.8769156697587501 0.8143531034277602
ETT 1.5533524816915871 1.9109158509488737 1.846909308977882 1.9080993672690463 1.8288919322063575 1.7340561401516503 0.5183946696568653 0.3667399650353089
ERF1 0.773036122141517 1.8351487484411964 1.8034022078394927 1.7050589050567002 1.7972084478707042 1.4846020168562268 1.8045728028557957 0.4592939284895361
ORA47_2 0.7556292740406576 1.5524661004419236 1.5400941388001628 1.7325008460949893 1.8041739914028474 1.7970246331377853 0.6657710132099723 1.5210524664865668
YAB5 0.3002312725697489 0.886741085548586 0.8269007680214127 0.3660054987427517 0.9816471933313817 0.5940306636701271 0.7173470705899732 0.805220160967504
